1 0 0 1 0.80000001 0.00800000
1 1 0 2 0.75000000 0.00750000
1 2 1 2 0.80000001 0.00800000
1 3 1 3 0.75000000 0.00750000
1 4 2 3 0.80000001 0.00800000
1 5 2 4 0.75000000 0.00750000
1 6 3 4 0.80000001 0.00800000
1 7 3 5 0.75000000 0.00750000
1 8 4 5 0.80000001 0.00800000
1 9 4 6 0.75000000 0.00750000
1 10 5 6 0.80000001 0.00800000
1 11 5 7 0.75000000 0.00750000
1 12 6 7 0.80000001 0.00800000
1 13 6 8 0.75000000 0.00750000
1 14 7 8 0.80000001 0.00800000
1 15 7 9 0.75000000 0.00750000
1 16 8 9 0.80000001 0.00800000
1 17 8 10 0.75000000 0.00750000
1 18 9 10 0.80000001 0.00800000
1 19 9 11 0.75000000 0.00750000
1 20 10 11 0.80000001 0.00800000
22 0 0 1 0.80000001 0.00800000
22 1 0 2 0.75000000 0.00750000
22 2 1 2 0.80000001 0.00800000
22 3 1 3 0.75000000 0.00750000
22 4 2 3 0.80000001 0.00800000
22 5 2 4 0.75000000 0.00750000
22 6 3 4 0.80000001 0.00800000
22 7 3 5 0.75000000 0.00750000
22 8 4 5 0.80000001 0.00800000
22 9 4 6 0.75000000 0.00750000
22 10 5 6 0.80000001 0.00800000
22 11 5 7 0.75000000 0.00750000
22 12 6 7 0.80000001 0.00800000
22 13 6 8 0.75000000 0.00750000
22 14 7 8 0.80000001 0.00800000
22 15 7 9 0.75000000 0.00750000
22 16 8 9 0.80000001 0.00800000
